MSE: 67.579957
MAE: 7.013205
DirAcc: 0.5667
