MSE: 72.953919
MAE: 6.861383
DirAcc: 0.6167
