MSE: 102.005206
MAE: 8.177830
DirAcc: 0.5333
