MSE: 225.825892
MAE: 12.160799
DirAcc: 0.4667
