MSE: 65.811093
MAE: 6.797827
DirAcc: 0.5833
