MSE: 156.290758
MAE: 10.520581
DirAcc: 0.7000
