MSE: 34.877974
MAE: 4.906640
DirAcc: 0.5500
