MSE: 2.349796
MAE: 1.220765
DirAcc: 1.0000
