MSE: 22.521151
MAE: 3.840039
DirAcc: 0.6667
