MSE: 79.553421
MAE: 6.912952
DirAcc: 0.6167
