MSE: 92.881332
MAE: 7.379431
DirAcc: 0.6000
