MSE: 3.381403
MAE: 1.477583
DirAcc: 0.9667
