MSE: 735.639796
MAE: 22.109565
DirAcc: 0.9333
