MSE: 1088.926934
MAE: 26.666090
DirAcc: 0.5833
