MSE: 2682.931372
MAE: 38.674736
DirAcc: 0.6500
